392326 745914
41848 991061
283941 477631
664120 597375
15283 951760
483306 213179
719333 143423
390697 542341
955545 287708
653613 705370
337042 114525
47983 678004
445989 886805
705196 8701
876365 422624
416245 527002
968229 387391
117411 292366
159111 850550
746822 642213
655136 704486
976245 893484
600065 105140
516909 4368
209739 954423
787210 128740
592132 652748
553467 976562
883475 702428
617959 115491
279491 989205
780500 172826
918740 960587
951649 235590
713221 377341
974716 989998
941759 425065
638244 357578
501000 891697
434038 389583
677291 330905
36275 373317
487842 535824
213829 659817
546623 251819
260519 136885
559508 975753
502755 470985
858375 975786
268153 427263
277814 24636
666848 321985
26471 2717
896200 496266
601406 118315
122683 332422
286845 74055
202794 794926
447674 1142
977704 861179
563607 181567
297058 576549
565755 346255
519080 437821
398409 350058
585648 298869
676210 650926
640925 582684
7749 645992
3570 504570
396267 830305
219888 897179
228084 264359
637675 125517
661341 875169
534987 81610
333429 593948
730832 290341
266094 768848
239834 98210
73996 342148
769411 47225
71861 738708
60694 87164
89881 986081
482348 83754
202069 324751
657172 944016
18072 220866
15793 463466
464608 442312
303491 867098
48666 345724
922272 488027
834281 353362
791183 189592
539650 125298
424167 100378
751304 392229
974912 982661
